7.431694330793647829e-01
7.429869808445643820e-01
1.546714625950151578e-01
1.546335037441318450e-01
5.927156549346786207e-03
5.925702124900214009e-03
1.227543822359055195e-03
1.227242704453514969e-03
1.593403223565525593e-04
1.593012461178354064e-04
4.274487054700495447e-31
2.258661607055932024e-31
1.602844773827726932e-31
6.357862349584509699e-32
2.015565550542474745e-32
8.671405278371410191e-33
4.540322099975474176e-33
4.215488735327037116e-33
4.215488735327037116e-33
4.215488735327037116e-33
4.215488735327037116e-33
4.215488735327037116e-33
4.215488735327037116e-33
4.215488735327037116e-33
4.215488735327037116e-33
4.215488735327037116e-33
4.215488735327037116e-33
4.215488735327037116e-33
4.215488735327037116e-33
4.215488735327037116e-33
4.215488735327037116e-33
4.215488735327037116e-33
4.215488735327037116e-33
4.215488735327037116e-33
2.076157960923815422e-33
